## Biomecanic constants

pv = 0.26
pd2D = 0.21
pd3D = 0.2
a02D = 10**(-3.08)
a03D = 10**(-1.77)

## Metabolic constant

b = 0.75
q0 = 4.15e-8
r0 = 1.71e-6

# Parameter values
e1 = 0.3
e2 = 0.1
e3 = 0.5

D <- c(2,3)
phi <- c(0.02, 0.2, 2.0)
kLims <- c(-13,10)


